TimeStamp	POS_X	POS_Y	POS_Z	Q_W	Q_X	Q_Y	Q_Z	ImageFile
1553501360456	70.601898	-38.698437	-31.133278	0.971352	-0.000110	0.000027	-0.237646	img_0_0_1553501360834478200.png;img_1_1_1553501360841076900.png
1553501360807	70.990822	-38.201656	-31.549181	0.971340	-0.001176	-0.004762	-0.237645	img_0_0_1553501361185869700.png;img_1_1_1553501361194051000.png
1553501361194	71.429710	-37.662762	-31.973097	0.971219	-0.004077	-0.016005	-0.237616	img_0_0_1553501361572615100.png;img_1_1_1553501361579540100.png
1553501361569	71.889748	-37.162457	-32.333740	0.971054	-0.005892	-0.024036	-0.237573	img_0_0_1553501361949378800.png;img_1_1_1553501361956541300.png
1553501361950	72.410698	-36.690376	-32.653618	0.970718	-0.026167	-0.016693	-0.238209	img_0_0_1553501362330532700.png;img_1_1_1553501362336536400.png
1553501362386	73.042824	-36.246887	-32.970699	0.970784	-0.022382	-0.017002	-0.238303	img_0_0_1553501362762085000.png;img_1_1_1553501362771569100.png
1553501362791	73.661453	-35.926567	-33.223366	0.970609	-0.029721	-0.011828	-0.238527	img_0_0_1553501363170246000.png;img_1_1_1553501363178135400.png
1553501363190	74.294998	-35.696083	-33.436115	0.970928	-0.016385	-0.015476	-0.238308	img_0_0_1553501363567901500.png;img_1_1_1553501363575627800.png
1553501363526	74.851151	-35.552441	-33.589172	0.971059	-0.009707	-0.013234	-0.238274	img_0_0_1553501363905264300.png;img_1_1_1553501363913423200.png
1553501363919	75.523727	-35.415771	-33.740025	0.971191	-0.000884	-0.001622	-0.238293	img_0_0_1553501364293947500.png;img_1_1_1553501364304140700.png
1553501364330	76.232292	-35.279964	-33.867428	0.971175	-0.001461	-0.005827	-0.238293	img_0_0_1553501364718174000.png;img_1_1_1553501364728131500.png
1553501364720	76.916016	-35.158718	-33.960445	0.971127	-0.002772	-0.011287	-0.238281	img_0_0_1553501365109472300.png;img_1_1_1553501365118381500.png
1553501365092	77.593605	-35.057907	-34.024117	0.971066	-0.008012	-0.012683	-0.238338	img_0_0_1553501365481129700.png;img_1_1_1553501365491326600.png
1553501365473	78.317688	-34.980152	-34.064220	0.971056	-0.004934	-0.015991	-0.238264	img_0_0_1553501365863288500.png;img_1_1_1553501365873093300.png
1553501365881	79.133827	-34.924667	-34.079205	0.971045	-0.004727	-0.016841	-0.238254	img_0_0_1553501366269817500.png;img_1_1_1553501366280206100.png
1553501366265	79.942978	-34.897404	-34.068977	0.971061	-0.004911	-0.015649	-0.238266	img_0_0_1553501366653986800.png;img_1_1_1553501366664311000.png
1553501366640	80.768776	-34.894703	-34.050194	0.971041	-0.005425	-0.016759	-0.238263	img_0_0_1553501367030694200.png;img_1_1_1553501367040712000.png
1553501367027	81.659447	-34.917141	-34.032909	0.971062	-0.004733	-0.015782	-0.238260	img_0_0_1553501367419048500.png;img_1_1_1553501367426568100.png
1553501367411	82.581375	-34.961895	-34.028919	0.971076	-0.003814	-0.015267	-0.238251	img_0_0_1553501367802842100.png;img_1_1_1553501367811959600.png
1553501367780	83.500488	-35.023682	-34.037598	0.971100	-0.003368	-0.013702	-0.238256	img_0_0_1553501368169922200.png;img_1_1_1553501368178744100.png
1553501368131	84.400711	-35.097038	-34.057243	0.971168	-0.001847	-0.007526	-0.238273	img_0_0_1553501368521636500.png;img_1_1_1553501368531721400.png
1553501368521	85.415787	-35.187416	-34.092270	0.971187	-0.001067	-0.004347	-0.238277	img_0_0_1553501368912156100.png;img_1_1_1553501368920860800.png
1553501368893	86.391937	-35.278873	-34.136726	0.971170	-0.001765	-0.007194	-0.238273	img_0_0_1553501369288295700.png;img_1_1_1553501369294137700.png
1553501369271	87.397400	-35.379990	-34.161209	0.971143	-0.002504	-0.010205	-0.238266	img_0_0_1553501369663829400.png;img_1_1_1553501369672743400.png
1553501369655	88.437416	-35.493557	-34.105846	0.971131	-0.002778	-0.011322	-0.238263	img_0_0_1553501370047381200.png;img_1_1_1553501370056335500.png
1553501370015	89.432411	-35.611492	-33.964725	0.971099	-0.003381	-0.013780	-0.238256	img_0_0_1553501370538810700.png;img_1_1_1553501370545865600.png
1553501370510	90.840637	-35.796223	-33.635731	0.971059	-0.004010	-0.016342	-0.238246	img_0_0_1553501371041626400.png;img_1_1_1553501371049790500.png
1553501370927	92.068489	-35.974979	-33.291164	0.971099	-0.003375	-0.013756	-0.238256	img_0_0_1553501371459020800.png;img_1_1_1553501371467362900.png
1553501371338	93.310242	-36.168930	-32.932945	0.971171	-0.001737	-0.007079	-0.238273	img_0_0_1553501371870689700.png;img_1_1_1553501371878959000.png
1553501371725	94.492615	-36.359077	-32.581352	0.971173	0.007019	-0.003229	-0.238252	img_0_0_1553501372258599100.png;img_1_1_1553501372265950500.png
1553501372103	95.655281	-36.524925	-32.228615	0.970989	0.020492	-0.005399	-0.238184	img_0_0_1553501372635647300.png;img_1_1_1553501372644013800.png
1553501372511	96.931923	-36.645767	-31.836893	0.971006	0.019834	-0.004889	-0.238182	img_0_0_1553501373043284000.png;img_1_1_1553501373052440300.png
1553501372898	98.163658	-36.702812	-31.455498	0.971043	0.017940	-0.004402	-0.238191	img_0_0_1553501373431032100.png;img_1_1_1553501373440927000.png
1553501373285	99.410393	-36.713875	-31.065968	0.971202	0.003575	-0.000877	-0.238230	img_0_0_1553501373817597600.png;img_1_1_1553501373827306800.png
1553501373684	100.694977	-36.709084	-30.658583	0.971208	0.000249	-0.000061	-0.238231	img_0_0_1553501374215222100.png;img_1_1_1553501374226325600.png
1553501374065	101.914307	-36.701813	-30.265448	0.971189	0.000208	0.000765	-0.238308	img_0_0_1553501374600540800.png;img_1_1_1553501374608167300.png
1553501374443	103.114822	-36.692047	-29.902176	0.970781	0.000416	0.001412	-0.239964	img_0_0_1553501374981173900.png;img_1_1_1553501374989982200.png
1553501374854	104.408165	-36.677692	-29.594749	0.970604	0.000044	0.000160	-0.240684	img_0_0_1553501375390875700.png;img_1_1_1553501375398287100.png
1553501375214	105.533188	-36.663445	-29.400019	0.970569	0.000004	0.000014	-0.240821	img_0_0_1553501375751654000.png;img_1_1_1553501375761072200.png
1553501375589	106.698181	-36.647331	-29.267710	0.970561	0.000000	0.000001	-0.240856	img_0_0_1553501376128075900.png;img_1_1_1553501376135825300.png
1553501375961	107.847031	-36.630192	-29.204357	0.970559	0.000000	0.000000	-0.240864	img_0_0_1553501376504024600.png;img_1_1_1553501376509808200.png
1553501376327	108.970779	-36.612156	-29.203062	0.970558	-0.000000	0.000000	-0.240866	img_0_0_1553501376867448200.png;img_1_1_1553501376875907200.png
1553501376714	110.152023	-36.591927	-29.219671	0.970558	-0.000000	-0.000000	-0.240866	img_0_0_1553501377251770600.png;img_1_1_1553501377261296700.png
1553501377089	111.289635	-36.571045	-29.243855	0.970503	0.000008	0.000031	-0.241088	img_0_0_1553501377628459200.png;img_1_1_1553501377636435500.png
1553501377458	112.402504	-36.549374	-29.278028	0.970490	0.000001	0.000003	-0.241142	img_0_0_1553501377998889800.png;img_1_1_1553501378007469100.png
1553501377851	113.580803	-36.525127	-29.312012	0.970487	-0.000000	0.000000	-0.241155	img_0_0_1553501378391164500.png;img_1_1_1553501378398833200.png
1553501378265	114.814438	-36.498325	-29.341713	0.970486	-0.000000	0.000000	-0.241158	img_0_0_1553501378804953300.png;img_1_1_1553501378814519400.png
1553501378673	116.022644	-36.470715	-29.364861	0.970486	-0.000000	0.000000	-0.241158	img_0_0_1553501379212552000.png;img_1_1_1553501379222424000.png
1553501379012	117.020889	-36.446842	-29.379471	0.970486	-0.000000	0.000000	-0.241158	img_0_0_1553501379554222500.png;img_1_1_1553501379562464200.png
1553501379345	117.996529	-36.422607	-29.389736	0.970486	-0.000000	0.000000	-0.241158	img_0_0_1553501379885258700.png;img_1_1_1553501379893612400.png
1553501379681	118.976074	-36.397392	-29.395994	0.970486	-0.000000	0.000000	-0.241158	img_0_0_1553501380223187600.png;img_1_1_1553501380231090300.png
1553501380029	119.985451	-36.370480	-29.398127	0.970486	-0.000000	-0.000000	-0.241158	img_0_0_1553501380570478200.png;img_1_1_1553501380578369400.png
1553501380413	121.093216	-36.339905	-29.395351	0.970485	-0.001242	0.000309	-0.241158	img_0_0_1553501380952890000.png;img_1_1_1553501380962670600.png
1553501380773	122.125351	-36.311848	-29.387857	0.970486	-0.000434	0.000108	-0.241158	img_0_0_1553501381315217400.png;img_1_1_1553501381322075000.png
1553501381139	123.168663	-36.283333	-29.375383	0.970486	-0.000041	0.000010	-0.241158	img_0_0_1553501381679813200.png;img_1_1_1553501381687588200.png
1553501381523	124.257271	-36.252674	-29.357035	0.970486	-0.000003	0.000001	-0.241158	img_0_0_1553501382064908200.png;img_1_1_1553501382072707500.png
1553501381880	125.263878	-36.223312	-29.335453	0.970441	0.000053	0.000214	-0.241338	img_0_0_1553501382421907700.png;img_1_1_1553501382428957400.png
1553501382246	126.290146	-36.192219	-29.309042	0.970392	0.000005	0.000019	-0.241534	img_0_0_1553501382788102800.png;img_1_1_1553501382795912500.png
1553501382606	127.294304	-36.160831	-29.278183	0.970381	0.000000	0.000002	-0.241581	img_0_0_1553501383147051900.png;img_1_1_1553501383157831600.png
1553501382969	128.301682	-36.128372	-29.241837	0.970378	-0.000000	0.000000	-0.241593	img_0_0_1553501383509240100.png;img_1_1_1553501383518538700.png
1553501383359	129.378433	-36.092785	-29.197632	0.970372	-0.000797	-0.003200	-0.241594	img_0_0_1553501383902783600.png;img_1_1_1553501383910878500.png
1553501383728	130.398849	-36.062073	-29.150831	0.970344	-0.001993	-0.008005	-0.241588	img_0_0_1553501384271787600.png;img_1_1_1553501384279168300.png
1553501384073	131.364426	-36.041279	-29.102518	0.970348	-0.001872	-0.007519	-0.241589	img_0_0_1553501384616305300.png;img_1_1_1553501384622773000.png
1553501384424	132.358871	-36.028339	-29.048979	0.970346	-0.001942	-0.007800	-0.241588	img_0_0_1553501384970109800.png;img_1_1_1553501384976365800.png
1553501384796	133.425903	-36.023540	-28.987486	0.970335	-0.002242	-0.009006	-0.241586	img_0_0_1553501385336815300.png;img_1_1_1553501385347660600.png
1553501385168	134.512787	-36.031296	-28.920956	0.970201	-0.004604	-0.018491	-0.241552	img_0_0_1553501385710690300.png;img_1_1_1553501385719171500.png
1553501385534	135.617142	-36.059418	-28.852528	0.970251	-0.003899	-0.015660	-0.241564	img_0_0_1553501386077408300.png;img_1_1_1553501386084656300.png
1553501385882	136.696701	-36.103615	-28.817863	0.970303	-0.002993	-0.012023	-0.241577	img_0_0_1553501386427391200.png;img_1_1_1553501386434937500.png
1553501386281	137.960464	-36.170197	-28.827349	0.970310	-0.002840	-0.011407	-0.241579	img_0_0_1553501386823872500.png;img_1_1_1553501386832961100.png
1553501386677	139.238754	-36.251255	-28.860788	0.970328	-0.002421	-0.009723	-0.241584	img_0_0_1553501387223772400.png;img_1_1_1553501387232651700.png
1553501387040	140.427216	-36.336330	-28.897478	0.970350	-0.001885	-0.007571	-0.241579	img_0_0_1553501387589201500.png;img_1_1_1553501387596590100.png
1553501387415	141.664307	-36.431267	-28.939552	0.971190	0.004914	-0.002961	-0.238239	img_0_0_1553501387965619600.png;img_1_1_1553501387972633500.png
1553501387775	142.856277	-36.511440	-28.983269	0.976149	0.004920	-0.001421	-0.217042	img_0_0_1553501388322035400.png;img_1_1_1553501388331303200.png
1553501388132	144.038101	-36.575668	-29.029846	0.980450	0.000511	-0.000156	-0.196769	img_0_0_1553501388681737100.png;img_1_1_1553501388688652200.png
1553501388504	145.262360	-36.638523	-29.081932	0.983348	-0.000310	-0.001906	-0.181724	img_0_0_1553501389054434200.png;img_1_1_1553501389062024400.png
1553501388888	146.523849	-36.703438	-29.139372	0.984169	-0.001757	-0.009688	-0.176958	img_0_0_1553501389439053600.png;img_1_1_1553501389446945000.png
1553501389275	147.810684	-36.775677	-29.200584	0.984342	-0.002066	-0.011516	-0.175879	img_0_0_1553501389825566800.png;img_1_1_1553501389833408900.png
1553501389677	149.171341	-36.860703	-29.267361	0.984616	-0.001938	-0.010794	-0.174389	img_0_0_1553501390227387700.png;img_1_1_1553501390235730800.png
1553501390067	150.512863	-36.952156	-29.335232	0.988202	-0.001656	-0.009471	-0.152854	img_0_0_1553501390619527100.png;img_1_1_1553501390626890900.png
1553501390466	151.903061	-37.052666	-29.407875	0.991525	-0.001739	-0.012042	-0.129345	img_0_0_1553501391017766600.png;img_1_1_1553501391026584400.png
1553501390856	153.284607	-37.157978	-29.481705	0.992318	-0.001762	-0.013731	-0.122940	img_0_0_1553501391408600300.png;img_1_1_1553501391416072900.png
1553501391234	154.648727	-37.266956	-29.555679	0.992546	-0.001458	-0.011780	-0.121293	img_0_0_1553501391785263100.png;img_1_1_1553501391793528000.png
1553501391624	156.078232	-37.385300	-29.636780	0.993799	-0.001349	-0.011070	-0.110635	img_0_0_1553501392174524800.png;img_1_1_1553501392185710100.png
1553501392005	157.494904	-37.506058	-29.720772	0.995048	-0.001254	-0.011609	-0.098706	img_0_0_1553501392554890000.png;img_1_1_1553501392564960500.png
1553501392383	158.919968	-37.630280	-29.806820	0.995395	-0.001146	-0.011650	-0.095137	img_0_0_1553501392936064500.png;img_1_1_1553501392945130800.png
1553501392773	160.409439	-37.762337	-29.898415	0.996117	0.002664	-0.011143	-0.087292	img_0_0_1553501393326878900.png;img_1_1_1553501393333393700.png
1553501393148	161.859985	-37.883381	-29.991899	0.996707	0.007818	-0.012343	-0.079767	img_0_0_1553501393700920000.png;img_1_1_1553501393708048100.png
1553501393535	163.378738	-37.987228	-30.092236	0.996884	0.010638	-0.010514	-0.077449	img_0_0_1553501394089466100.png;img_1_1_1553501394096965800.png
1553501393943	164.999344	-38.061821	-30.199768	0.996896	0.015434	-0.007415	-0.076840	img_0_0_1553501394498560500.png;img_1_1_1553501394505388900.png
1553501394411	166.873566	-38.085258	-30.330223	0.996825	0.019951	-0.007709	-0.076699	img_0_0_1553501394970861900.png;img_1_1_1553501394979285000.png
1553501394819	168.523514	-38.030380	-30.448750	0.996538	0.031307	-0.008419	-0.076554	img_0_0_1553501395382367600.png;img_1_1_1553501395390221300.png
1553501395224	170.180481	-37.877121	-30.566328	0.996542	0.031559	-0.007369	-0.076514	img_0_0_1553501395786004600.png;img_1_1_1553501395793580500.png
1553501395623	171.825699	-37.625336	-30.686176	0.996336	0.038403	-0.003791	-0.076329	img_0_0_1553501396185851300.png;img_1_1_1553501396194497900.png
1553501396013	173.439087	-37.269093	-30.807764	0.996729	0.037382	-0.003016	-0.071591	img_0_0_1553501396577841600.png;img_1_1_1553501396585027600.png
1553501396388	174.991669	-36.822281	-30.929043	0.997424	0.036896	-0.002759	-0.061456	img_0_0_1553501396954829400.png;img_1_1_1553501396961879000.png
1553501396766	176.556671	-36.272110	-31.052452	0.997877	0.030042	-0.005138	-0.057548	img_0_0_1553501397335112100.png;img_1_1_1553501397342224100.png
1553501397168	178.225037	-35.599163	-31.182688	0.998083	0.024120	-0.006150	-0.056665	img_0_0_1553501397734464400.png;img_1_1_1553501397742373500.png
1553501397537	179.762650	-34.918339	-31.303463	0.998078	0.024755	-0.006261	-0.056471	img_0_0_1553501398103886000.png;img_1_1_1553501398112836700.png
1553501397957	181.520401	-34.070362	-31.442112	0.998124	0.022679	-0.006816	-0.056451	img_0_0_1553501398523186700.png;img_1_1_1553501398531915400.png
1553501398365	183.237473	-33.179539	-31.548813	0.998153	0.020762	-0.008228	-0.056490	img_0_0_1553501398932917000.png;img_1_1_1553501398939912900.png
1553501398755	184.890091	-32.273624	-31.600088	0.998182	0.018445	-0.009789	-0.056539	img_0_0_1553501399323327300.png;img_1_1_1553501399330349000.png
1553501399154	186.595428	-31.299938	-31.592968	0.998191	0.016594	-0.011680	-0.056593	img_0_0_1553501399722568200.png;img_1_1_1553501399729671300.png
1553501399547	188.294220	-30.306978	-31.495979	0.998290	0.002597	-0.013572	-0.056799	img_0_0_1553501400113535700.png;img_1_1_1553501400122209600.png
1553501399985	190.214539	-29.198444	-31.276348	0.998255	0.008546	-0.014049	-0.056713	img_0_0_1553501400559917700.png;img_1_1_1553501400567858500.png
1553501400417	192.137238	-28.094872	-30.948765	0.998273	0.009566	-0.012097	-0.056681	img_0_0_1553501400995428900.png;img_1_1_1553501401003473400.png
1553501400801	193.865616	-27.094292	-30.571405	0.998244	0.012540	-0.011941	-0.056641	img_0_0_1553501401381040000.png;img_1_1_1553501401388812700.png
1553501401197	195.665588	-26.038618	-30.114687	0.998272	0.011756	-0.010374	-0.056632	img_0_0_1553501401776310200.png;img_1_1_1553501401784297500.png
1553501401623	197.617035	-24.877167	-29.591955	0.998354	0.003637	-0.007913	-0.056687	img_0_0_1553501402201267800.png;img_1_1_1553501402210485900.png
1553501402019	199.439819	-23.791550	-29.088030	0.998334	0.004076	-0.010002	-0.056688	img_0_0_1553501402599236700.png;img_1_1_1553501402608189100.png
1553501402472	201.538239	-22.548620	-28.517326	0.998366	0.002793	-0.006700	-0.056689	img_0_0_1553501403053305700.png;img_1_1_1553501403062943400.png
1553501402895	203.501541	-21.390196	-28.008198	0.998378	0.001426	-0.005040	-0.056694	img_0_0_1553501403475771500.png;img_1_1_1553501403485396500.png
1553501403246	205.128403	-20.434488	-27.604206	0.998364	0.001506	-0.007240	-0.056692	img_0_0_1553501403828380900.png;img_1_1_1553501403836542500.png
1553501403615	206.840988	-19.435627	-27.208841	0.998375	0.001015	-0.005676	-0.056695	img_0_0_1553501404198639700.png;img_1_1_1553501404205810200.png
1553501403981	208.538620	-18.451342	-26.869417	0.998385	-0.000073	-0.003560	-0.056700	img_0_0_1553501404564483400.png;img_1_1_1553501404570943700.png
1553501404362	210.298950	-17.435448	-26.589384	0.998390	-0.000060	-0.001231	-0.056701	img_0_0_1553501404946470000.png;img_1_1_1553501404953541300.png
1553501404725	211.963715	-16.475554	-26.389502	0.998390	-0.000093	-0.001661	-0.056701	img_0_0_1553501405307902000.png;img_1_1_1553501405315005900.png
1553501405094	213.642578	-15.507559	-26.251146	0.998391	-0.000022	-0.000395	-0.056701	img_0_0_1553501405675900600.png;img_1_1_1553501405683994900.png
1553501405421	215.119553	-14.656244	-26.164124	0.998366	-0.000406	-0.007156	-0.056700	img_0_0_1553501406005612300.png;img_1_1_1553501406011653900.png
1553501405763	216.664413	-13.773542	-26.038523	0.998349	-0.000522	-0.009187	-0.056699	img_0_0_1553501406346805000.png;img_1_1_1553501406353268100.png
1553501406135	218.351883	-12.822964	-25.875948	0.998347	-0.000533	-0.009391	-0.056699	img_0_0_1553501406717478100.png;img_1_1_1553501406725816900.png
1553501406519	220.102448	-11.852122	-25.686796	0.998326	-0.000648	-0.011407	-0.056697	img_0_0_1553501407101337900.png;img_1_1_1553501407109417100.png
1553501406876	221.740860	-10.959177	-25.494663	0.998298	-0.000545	-0.010342	-0.057399	img_0_0_1553501407460928200.png;img_1_1_1553501407469148500.png
1553501407296	223.677841	-9.919871	-25.294266	0.998314	-0.000300	-0.005248	-0.057806	img_0_0_1553501407879866200.png;img_1_1_1553501407888594700.png
1553501407677	225.431976	-8.986204	-25.169113	0.998316	-0.000226	-0.003915	-0.057882	img_0_0_1553501408262757600.png;img_1_1_1553501408270742700.png
1553501408073	227.248444	-8.024417	-25.094767	0.998311	-0.000277	-0.004783	-0.057900	img_0_0_1553501408657485100.png;img_1_1_1553501408666774000.png
1553501408460	229.019073	-7.093095	-25.076265	0.998315	-0.000226	-0.003892	-0.057904	img_0_0_1553501409048620200.png;img_1_1_1553501409055642600.png
1553501408874	230.906891	-6.105897	-25.122684	0.998313	-0.000252	-0.004350	-0.057904	img_0_0_1553501409461155900.png;img_1_1_1553501409468598900.png
1553501409259	232.651611	-5.198365	-25.231256	0.998313	-0.000200	-0.004378	-0.057904	img_0_0_1553501409845165300.png;img_1_1_1553501409853280400.png
1553501409601	234.201279	-4.396579	-25.379290	0.998311	-0.000273	-0.004801	-0.057904	img_0_0_1553501410187848800.png;img_1_1_1553501410196438700.png
1553501410009	236.046509	-3.448298	-25.614149	0.998310	-0.000281	-0.004844	-0.057904	img_0_0_1553501410596391400.png;img_1_1_1553501410605527700.png
1553501410507	238.294434	-2.302896	-25.977106	0.998308	-0.000310	-0.005348	-0.057904	img_0_0_1553501411099700400.png;img_1_1_1553501411107522000.png
1553501410882	239.985458	-1.449197	-26.274258	0.998298	-0.000399	-0.006882	-0.057904	img_0_0_1553501411476366100.png;img_1_1_1553501411483222300.png
1553501411227	241.541931	-0.670620	-26.555456	0.998300	-0.000386	-0.006656	-0.057904	img_0_0_1553501411819395000.png;img_1_1_1553501411826087400.png
1553501411581	243.140457	0.121554	-26.851341	0.998297	-0.000300	-0.005956	-0.058035	img_0_0_1553501412174756200.png;img_1_1_1553501412182740100.png
1553501411944	244.779846	0.927071	-27.149405	0.998286	-0.000309	-0.005365	-0.058277	img_0_0_1553501412536892800.png;img_1_1_1553501412543444300.png
1553501412313	246.443787	1.739190	-27.419502	0.998285	-0.000285	-0.004889	-0.058337	img_0_0_1553501412936703800.png;img_1_1_1553501412943785600.png
1553501412697	248.171738	2.577351	-27.666447	0.998284	-0.000283	-0.004850	-0.058352	img_0_0_1553501413321249200.png;img_1_1_1553501413328182800.png
1553501413066	249.828522	3.376179	-27.873121	0.998282	-0.000311	-0.005317	-0.058355	img_0_0_1553501413687884700.png;img_1_1_1553501413695882000.png
1553501413435	251.482559	4.168520	-28.052921	0.998279	-0.000335	-0.005739	-0.058355	img_0_0_1553501414056866700.png;img_1_1_1553501414064332400.png
1553501413807	253.149612	4.960588	-28.210674	0.998271	-0.000409	-0.006992	-0.058355	img_0_0_1553501414423478900.png;img_1_1_1553501414436931700.png
1553501414182	254.832382	5.752025	-28.345617	0.998269	-0.000338	-0.006650	-0.058433	img_0_0_1553501414806336700.png;img_1_1_1553501414814505700.png
1553501414569	256.571106	6.561546	-28.461493	0.998258	-0.000327	-0.005652	-0.058724	img_0_0_1553501415192481300.png;img_1_1_1553501415200085500.png
1553501414923	258.160736	7.295962	-28.549025	0.998251	0.002382	-0.005849	-0.058772	img_0_0_1553501415548898100.png;img_1_1_1553501415555730600.png
1553501415289	259.802643	8.056472	-28.622549	0.998241	0.005799	-0.005424	-0.058761	img_0_0_1553501415913329800.png;img_1_1_1553501415920246200.png
1553501415643	261.390533	8.802415	-28.678329	0.998160	0.014986	-0.002402	-0.058702	img_0_0_1553501416268913200.png;img_1_1_1553501416275741300.png
1553501415988	262.932190	9.554891	-28.717911	0.998139	0.016572	-0.001122	-0.058681	img_0_0_1553501416613441200.png;img_1_1_1553501416620382300.png
1553501416360	264.584656	10.403453	-28.744055	0.998192	0.012997	-0.000776	-0.058684	img_0_0_1553501416982504100.png;img_1_1_1553501416991626000.png
1553501416720	266.172455	11.251168	-28.755636	0.998256	0.003968	0.000488	-0.058904	img_0_0_1553501417346178300.png;img_1_1_1553501417351972700.png
1553501417107	267.862244	12.168880	-28.758411	0.998135	0.000386	0.000487	-0.061045	img_0_0_1553501417731635200.png;img_1_1_1553501417738676700.png
1553501417446	269.327240	12.968981	-28.752720	0.998093	0.000040	0.000049	-0.061735	img_0_0_1553501418072191400.png;img_1_1_1553501418077908900.png
1553501417818	270.920410	13.841279	-28.734640	0.998081	0.000003	0.000004	-0.061928	img_0_0_1553501418442318600.png;img_1_1_1553501418452845700.png
1553501418232	272.676208	14.804977	-28.697979	0.998078	0.000000	0.000000	-0.061976	img_0_0_1553501418856413200.png;img_1_1_1553501418866202200.png
1553501418649	274.426788	15.768205	-28.650579	0.998077	0.000000	0.000000	-0.061985	img_0_0_1553501419276211000.png;img_1_1_1553501419283509400.png
1553501419027	275.998169	16.634975	-28.610565	0.998077	0.000000	0.000000	-0.061987	img_0_0_1553501419654915100.png;img_1_1_1553501419661607200.png
1553501419408	277.567657	17.502573	-28.575659	0.998077	-0.000000	0.000000	-0.061988	img_0_0_1553501420034798700.png;img_1_1_1553501420042882300.png
1553501419789	279.123047	18.364183	-28.560635	0.998077	-0.000000	-0.000000	-0.061988	img_0_0_1553501420417754800.png;img_1_1_1553501420425754800.png
1553501420170	280.664185	19.219885	-28.585243	0.998077	-0.000000	-0.000000	-0.061988	img_0_0_1553501420796448300.png;img_1_1_1553501420805280200.png
1553501420551	282.191772	20.069757	-28.662548	0.998077	-0.000000	-0.000000	-0.061988	img_0_0_1553501421177107900.png;img_1_1_1553501421185982000.png
1553501420920	283.658264	20.887375	-28.786068	0.998077	-0.000000	-0.000000	-0.061988	img_0_0_1553501421545940100.png;img_1_1_1553501421555601100.png
1553501421301	285.159546	21.725998	-28.962048	0.998077	-0.000000	-0.000000	-0.061988	img_0_0_1553501421928206200.png;img_1_1_1553501421935814900.png
1553501421688	286.670990	22.572092	-29.188526	0.998077	-0.000000	-0.000000	-0.061988	img_0_0_1553501422315801800.png;img_1_1_1553501422324687200.png
1553501422069	288.146118	23.399490	-29.455858	0.998077	-0.000000	-0.000000	-0.061988	img_0_0_1553501422697550900.png;img_1_1_1553501422704239300.png
1553501422450	289.608734	24.221430	-29.762293	0.998077	-0.000000	-0.000000	-0.061988	img_0_0_1553501423076548300.png;img_1_1_1553501423085397300.png
1553501422861	291.172607	25.102051	-30.120195	0.998070	-0.000000	-0.000000	-0.062098	img_0_0_1553501423490310900.png;img_1_1_1553501423497791000.png
1553501423290	292.789825	26.014591	-30.515249	0.997287	-0.001128	0.000079	-0.073600	img_0_0_1553501423919125900.png;img_1_1_1553501423926920100.png
1553501423695	294.302704	26.866863	-30.898546	0.995656	-0.000554	0.000034	-0.093103	img_0_0_1553501424326315500.png;img_1_1_1553501424333375700.png
1553501424103	295.813477	27.716524	-31.291367	0.995024	-0.000036	0.000002	-0.099639	img_0_0_1553501424739939100.png;img_1_1_1553501424747315900.png
1553501424499	297.267761	28.534763	-31.679041	0.994797	-0.000003	0.000000	-0.101874	img_0_0_1553501425134365100.png;img_1_1_1553501425143635900.png
1553501424895	298.710388	29.346573	-32.071846	0.994398	-0.002622	0.000275	-0.105666	img_0_0_1553501425532096000.png;img_1_1_1553501425540286700.png
1553501425285	300.119019	30.134785	-32.463402	0.993713	-0.001003	0.000103	-0.111950	img_0_0_1553501425925908500.png;img_1_1_1553501425933706000.png
1553501425681	301.537415	30.925552	-32.865150	0.993295	-0.000078	0.000008	-0.115609	img_0_0_1553501426321172800.png;img_1_1_1553501426329232500.png
1553501426092	302.998047	31.739532	-33.287334	0.993201	-0.000005	0.000000	-0.116411	img_0_0_1553501426731218300.png;img_1_1_1553501426740666600.png
1553501426512	304.478882	32.564747	-33.713348	0.993182	-0.000000	-0.000000	-0.116575	img_0_0_1553501427153726400.png;img_1_1_1553501427161465800.png
1553501426905	305.853882	33.331005	-34.061920	0.993178	-0.000000	-0.000000	-0.116606	img_0_0_1553501427545839400.png;img_1_1_1553501427554715300.png
1553501427274	307.135529	34.045334	-34.336853	0.993178	-0.000000	-0.000000	-0.116613	img_0_0_1553501427916249800.png;img_1_1_1553501427923955800.png
1553501427631	308.367096	34.731766	-34.557426	0.993177	-0.000016	-0.000138	-0.116614	img_0_0_1553501428271552600.png;img_1_1_1553501428279753000.png
1553501427991	309.601074	35.419327	-34.737217	0.993177	-0.000024	-0.000203	-0.116614	img_0_0_1553501428635165100.png;img_1_1_1553501428643157800.png
1553501428354	310.838531	36.107670	-34.877106	0.993172	-0.002337	-0.001978	-0.116618	img_0_0_1553501428996330600.png;img_1_1_1553501429004791900.png
1553501428741	312.151489	36.831627	-34.989845	0.993176	-0.000915	-0.001001	-0.116620	img_0_0_1553501429383243000.png;img_1_1_1553501429391658600.png
1553501429113	313.406830	37.519249	-35.091244	0.993165	-0.000103	-0.000305	-0.116719	img_0_0_1553501429756378900.png;img_1_1_1553501429765299300.png
1553501429494	314.686340	38.217888	-35.201584	0.993124	-0.000520	-0.004376	-0.116988	img_0_0_1553501430139716100.png;img_1_1_1553501430148087500.png
1553501429935	316.170624	39.017235	-35.308662	0.993104	-0.000771	-0.006543	-0.117052	img_0_0_1553501430581704100.png;img_1_1_1553501430588953900.png
1553501430331	317.513672	39.724937	-35.374928	0.993105	-0.000737	-0.006249	-0.117063	img_0_0_1553501430975911400.png;img_1_1_1553501430983455300.png
1553501430700	318.773193	40.376114	-35.412361	0.993114	-0.000527	-0.004471	-0.117066	img_0_0_1553501431347769800.png;img_1_1_1553501431355097400.png
1553501431087	320.097809	41.053352	-35.426224	0.993054	0.010798	-0.005960	-0.117012	img_0_0_1553501431730631900.png;img_1_1_1553501431738895300.png
1553501431453	321.359039	41.705948	-35.415401	0.993098	0.002048	-0.006757	-0.117076	img_0_0_1553501432099133200.png;img_1_1_1553501432107421700.png
1553501431804	322.577942	42.333218	-35.383045	0.993055	-0.000800	-0.009106	-0.117299	img_0_0_1553501432449509700.png;img_1_1_1553501432458072500.png
1553501432179	323.896637	42.994274	-35.324928	0.992936	-0.001610	-0.013793	-0.117832	img_0_0_1553501432824750600.png;img_1_1_1553501432832756000.png
1553501432557	325.252502	43.647835	-35.241108	0.992903	-0.001779	-0.015035	-0.117956	img_0_0_1553501433205373500.png;img_1_1_1553501433212999400.png
1553501432929	326.614929	44.278336	-35.135029	0.992941	0.001375	-0.012354	-0.117953	img_0_0_1553501433573696400.png;img_1_1_1553501433582652900.png
1553501433286	327.943481	44.877987	-35.009739	0.992948	0.001964	-0.011740	-0.117953	img_0_0_1553501433932139600.png;img_1_1_1553501433940569600.png
1553501433631	329.245758	45.455513	-34.868126	0.992957	0.001525	-0.010974	-0.117960	img_0_0_1553501434278900600.png;img_1_1_1553501434286261300.png
1553501434021	330.737457	46.105682	-34.692284	0.992966	0.003457	-0.009839	-0.117939	img_0_0_1553501434666585400.png;img_1_1_1553501434675826000.png
1553501434459	332.433777	46.838116	-34.483841	0.992981	0.003904	-0.008167	-0.117930	img_0_0_1553501435108582300.png;img_1_1_1553501435117150900.png
1553501434855	333.982544	47.504784	-34.298321	0.992962	0.001977	-0.010515	-0.117952	img_0_0_1553501435504514700.png;img_1_1_1553501435512262600.png
1553501435242	335.513184	48.155834	-34.124149	0.992960	0.000994	-0.010654	-0.117964	img_0_0_1553501435893827100.png;img_1_1_1553501435900176800.png
1553501435635	337.085663	48.811504	-33.954216	0.992978	-0.000663	-0.008615	-0.117983	img_0_0_1553501436282951000.png;img_1_1_1553501436290982100.png
1553501436010	338.597656	49.429348	-33.798626	0.992987	0.001905	-0.007535	-0.117965	img_0_0_1553501436660722100.png;img_1_1_1553501436667955500.png
1553501436385	340.119232	50.047073	-33.649216	0.992967	0.006212	-0.008344	-0.117932	img_0_0_1553501437034373500.png;img_1_1_1553501437042554200.png
1553501436784	341.751038	50.715385	-33.497299	0.992974	0.005596	-0.007883	-0.117935	img_0_0_1553501437433074400.png;img_1_1_1553501437440285900.png
1553501437180	343.382538	51.388798	-33.352848	0.992981	0.004220	-0.007693	-0.117946	img_0_0_1553501437828111600.png;img_1_1_1553501437837903000.png
1553501437558	344.949249	52.036289	-33.220703	0.992993	0.003531	-0.006395	-0.117950	img_0_0_1553501438208669600.png;img_1_1_1553501438217016300.png
1553501437936	346.522430	52.688164	-33.092625	0.992986	0.006275	-0.005719	-0.117930	img_0_0_1553501438584829500.png;img_1_1_1553501438594027100.png
1553501438332	348.174042	53.383877	-32.945576	0.992889	0.007997	-0.002957	-0.118742	img_0_0_1553501438981076900.png;img_1_1_1553501438988802100.png
1553501438680	349.622742	54.010807	-32.804001	0.992800	0.008982	-0.002919	-0.119412	img_0_0_1553501439328236800.png;img_1_1_1553501439336727900.png
1553501439043	351.133026	54.682472	-32.643772	0.992765	0.009459	-0.005660	-0.119570	img_0_0_1553501439692126700.png;img_1_1_1553501439701091900.png
1553501439418	352.697021	55.395748	-32.464767	0.992753	0.009086	-0.007103	-0.119617	img_0_0_1553501440068772800.png;img_1_1_1553501440075132400.png
1553501439796	354.281921	56.131962	-32.268887	0.992757	0.006876	-0.008333	-0.119652	img_0_0_1553501440449442800.png;img_1_1_1553501440456070200.png
1553501440162	355.826874	56.855885	-32.066330	0.992772	0.004739	-0.007783	-0.119669	img_0_0_1553501440815356200.png;img_1_1_1553501440822310700.png
1553501440501	357.265533	57.531311	-31.868038	0.992792	0.003745	-0.005373	-0.119670	img_0_0_1553501441155717300.png;img_1_1_1553501441162265200.png
1553501440840	358.707001	58.209335	-31.660732	0.992805	0.004180	-0.005114	-0.119557	img_0_0_1553501441492041500.png;img_1_1_1553501441499301100.png
1553501441188	360.186768	58.908855	-31.440111	0.993594	0.004233	-0.005374	-0.112802	img_0_0_1553501441843168900.png;img_1_1_1553501441849763700.png
